10 15 1 6 4 16 12 13 3 5 2 9 7 14 11 8
4 1 9 2 11 5 15 3 14 6 13 7 8 10 16 0
13 8 7 3 16 2 10 6 11 1 14 4 12 5 15 9
11 12 14 5 10 1 7 8 16 4 9 15 0 2 3 13
9 14 16 12 8 7 13 2 1 3 6 10 4 15 5 11
14 11 12 8 9 10 3 15 2 13 4 5 16 6 1 7
15 13 4 11 14 8 5 12 6 9 1 16 10 7 2 3
3 9 10 16 13 4 11 1 7 2 15 14 5 8 6 12
7 3 13 14 2 6 1 5 10 16 12 8 9 11 4 15
2 10 6 9 15 11 8 7 5 14 0 3 1 12 13 16
8 4 11 0 5 14 16 9 13 15 3 12 2 0 7 10
1 5 15 7 3 13 4 10 9 11 8 2 6 16 12 14
16 7 8 13 6 12 2 4 15 10 5 11 14 1 9 0
12 6 5 15 1 0 14 16 8 7 11 13 3 9 0 2
5 2 3 0 7 9 6 14 12 8 16 1 11 4 10 0
0 16 2 10 0 3 9 11 4 12 0 6 15 13 8 5
